95
1    38 158
     39  70
     69  70
     71  35
     73 123
     74 112
      0    
2     8 112
     51 118
     59 156
     60 135
     77 167
     80 127
      0    
3    18 100
     23 134
     36 154
     42 177
     58  57
     63 104
     71 136
      0    
4     5  89
      6 149
     26 206
     83 169
     84 172
      0    
5     4  89
     26 160
     38 107
     73 165
      0    
6     4 149
     83 156
      0    
7    26  41
     30 133
     38 134
     42 144
     43  91
     48 137
     84 123
      0    
8     2 112
     51 104
     55 144
      0    
9    11  82
     31  88
     66 139
      0    
10   21 179
     51  83
     52 105
     77 124
     89  74
      0    
11    9  82
     31  94
     34 152
     66 115
     81 106
      0    
12   15  92
     30 227
     34 173
     46 112
     48 107
     81  76
     82 130
      0    
13   30 122
     83  67
     84 103
      0    
14   27 141
     50  62
     61 108
     76 128
      0    
15   12  92
     19  80
     43 163
     46 137
     48 151
     63 156
      0    
16   17 136
     24  82
     79 115
     86 115
     87 103
      0    
17   16 136
     24 221
     33 183
     79  63
     85  76
      0    
18    3 100
     23 125
     36  82
     41 115
     45 117
     58  68
      0    
19   15  80
     23 153
     24 109
     46 131
     63 141
     87  89
      0    
20 	  0
21   10 179
     39  97
     52 107
     58 180
     70 108
     71 126
     89 150
      0    
22   29 143
     35 101
     56 118
      0    
23    3 134
     18 125
     19 153
     36  85
     63 128
     87  82
      0    
24   16  82
     17 221
     19 109
     33 137
     46 130
     47 134
     87  99
      0    
25   39  85
     70  49
     90  95
      0    
26    4 206
      5 160
      7  41
     30 153
     38  92
     84 129
      0    
27   14 141
     28  81
     60 101
     61 114
     76  54
     78  86
     95  85
      0    
28   27  81
     41 105
     45  77
     61 120
     72 130
     78  78
     91  84
      0    
29   22 143
     56 120
      0    
30    7 133
     12 227
     13 122
     26 153
     34  57
     48 141
     84  45
      0    
31    9  88
     11  94
     32  80
     65 151
     81  76
     82  54
      0    
32   31  80
     40 111
     47  71
     64 104
     65  73
     82  87
      0    
33   17 183
     24 137
     40 128
     47 139
      0    
34   11 152
     12 173
     30  57
     81 217
      0    
35   22 101
     44 109
     49 128
     50 146
     53  74
     56 116
      0    
36    3 154
     18  82
     23  85
     37 121
     41 101
     86 117
     87 122
      0    
37   36 121
     41  59
     49 115
     72 102
     86 105
      0    
38    1 158
      5 107
      7 134
     26  92
     42 144
     69 115
     73  59
      0    
39    1  70
     21  97
     25  85
     70 134
     71  84
     74 151
      0    
40   32 111
     33 128
     47 108
     64  92
      0    
41   18 115
     28 105
     36 101
     37  59
     45  63
     61 169
     72 115
      0    
42    3 177
      7 144
     38 144
     43  77
     63 146
     69  63
     71 131
      0    
43    7  91
     15 163
     42  77
     48  92
     63 126
      0    
44   35 109
     49  92
     53 135
     56 115
     85  69
      0    
45   18 117
     28  77
     41  63
     58 165
     77 133
     89 153
     91 112
      0    
46   12 112
     15 137
     19 131
     24 130
     47  86
     82  60
      0    
47   24 134
     32  71
     33 139
     40 108
     46  86
     82  82
      0    
48    7 137
     12 107
     15 151
     30 141
     43  92
      0    
49   35 128
     37 115
     44  92
     53  79
     72 100
     79 156
     85 134
     86 147
      0    
50   14  62
     35 146
     53 141
     61 154
      0    
51    2 118
      8 104
     10  83
     52 133
     55  70
     77 152
      0    
52   10 105
     21 107
     51 133
     55  95
     70 112
     88 120
      0    
53   35  74
     44 135
     49  79
     50 141
     61  93
     72  85
      0    
54   55  85
     57  57
     67 150
     88  73
      0    
55    8 144
     51  70
     52  95
     54  85
     88 154
      0    
56   22 118
     29 120
     35 116
     44 115
      0    
57   54  57
     67 166
     88 134
      0    
58    3  57
     18  68
     21 180
     45 165
     71 178
     89 111
      0    
59    2 156
     62  53
     80 114
      0    
60    2 135
     27 101
     76  81
     77 138
     80  66
     95  47
      0    
61   14 108
     27 114
     28 120
     41 169
     50 154
     53  93
     72  55
      0    
62   59  53
     80  62
      0    
63    3 104
     15 156
     19 141
     23 128
     42 146
     43 126
      0    
64   32 104
     40  92
     65  43
      0    
65   31 151
     32  73
     64  43
      0    
66    9 139
     11 115
      0    
67   54 150
     57 166
     68  69
     88 133
      0    
68   67  69
     88  91
     90  72
      0    
69    1  70
     38 115
     42  63
     71  72
      0    
70   21 108
     25  49
     39 134
     52 112
     88  76
     90  71
      0    
71    1  35
      3 136
     21 126
     39  84
     42 131
     58 178
     69  72
      0    
72   28 130
     37 102
     41 115
     49 100
     53  85
     61  55
      0    
73    1 123
      5 165
     38  59
     74  50
      0    
74    1 112
     39 151
     73  50
      0    
75   92  14
     93  11
     94  14
      0    
76   14 128
     27  54
     60  81
     80 120
      0    
77    2 167
     10 124
     45 133
     51 152
     60 138
     89 121
     91  31
     93  57
     94  37
     95  90
      0    
78   27  86
     28  78
     91  37
     92  16
     95  33
      0    
79   16 115
     17  63
     49 156
     85  92
     86  78
      0    
80    2 127
     59 114
     60  66
     62  62
     76 120
      0    
81   11 106
     12  76
     31  76
     34 217
     82  77
      0    
82   12 130
     31  54
     32  87
     46  60
     47  82
     81  77
      0    
83    4 169
      6 156
     13  67
     84 167
      0    
84    4 172
      7 123
     13 103
     26 129
     30  45
     83 167
      0    
85   17  76
     44  69
     49 134
     79  92
      0    
86   16 115
     36 117
     37 105
     49 147
     79  78
     87 121
      0    
87   16 103
     19  89
     23  82
     24  99
     36 122
     86 121
      0    
88   52 120
     54  73
     55 154
     57 134
     67 133
     68  91
     70  76
     90  95
      0    
89   10  74
     21 150
     45 153
     58 111
     77 121
      0    
90   25  95
     68  72
     70  71
     88  95
      0    
91   28  84
     45 112
     77  31
     78  37
     92  47
     94  33
      0    
92   75  14
     78  16
     91  47
     93  21
     94  29
     95  25
      0    
93   75  11
     77  57
     92  21
     94  20
     95  35
      0    
94   75  14
     77  37
     91  33
     92  29
     93  20
      0    
95   27  85
     60  47
     77  90
     78  33
     92  25
     93  35
0
